00010000000100000000000001000000000001000000000101
00000001000000010010101000100010001001000000010000
00010100000000100110000000001001100000000101000010
00101000101001011000000110100101001000101001001100
01000100000011010100000000000010000001100010000100
00000000000010000100011000110000010100000000000110
10000001000001001000000101001000001000001110110010
11000000010000010000000000010000010100000100000010
10000000000000010111000000001000000000001000101000
00101000000001000000000000000110000000000010000110
00100001001000001101000000000010000000000000100000
00001000010000000000000000000000001000000001111000
10000000000001000000101000010100101010010000000000
00101100101000000011000100100010100001100010110000
00000010000001000010000001010000000110000001000000
01000001001000010000000000010000000000000000010000
00000100000100100101010000001001000000000100111010
00011100000000010010100000001010000000000000001000
00000100000010000000000000101000000000000011001010
00101000001000000000000010001001000001000010000100
00010000100001000011010001000000110011010011001000
00010110001000110100010010000100001001001000001000
00101001101001000101001001010000100000010000101000
10101011010100100000010000000000100010000100000001
01000111100000001101011000000000000000010000000001
00000100000000100000000000110001001100100000000100
10000101000010010000011001000001000000000100000010
11000011000001000000010000000011000001010000000100
00110110110101000001101000000000000000000000000001
10011000011000000000001001000000001000001001100000
00010010101000110000000000001000000000000011001000
00000000000000000000110001000001000010000000011000
10000000110000011000000000000000000000000010000000
11010001000000000001010000010010100000010101111000
10001000010001000100010000000000000000000011000101
10000001000010100000000000000010000000000101001000
00000000001000101100001001000001011000001000000000
00000000000010010100100000111010000000000100000110
01000000000010010000000100001110001100000000010000
00000000001010001000011010001001010000000000100100
00100100000000001000000000000000001000000000110100
00000110001000101000011101100000100000010000000010
00000110000000000000000000101101100011000010100100
00000100010011011000001000010001000010100110000011
01000000010001000100000000101000001000000000100000
00000010001000000010100100000000000010000000000000
10110000010001000000010001010000100010000110100000
00010010000100000000100000001000010000001000100010
00001000000001010000000000000000100000000000001000
00000000000000000001100010000010000000000000010110
