11111100000000001011110011111000110010000000110000
11111100000000001011110011111000110010000000000000
11111100000000001011110011111000110010000000110000
11111100000000001011110011111000110010000000000000
11111100000000001011110011111000110010000000110000
11111100000000001011110011111000110010000000110000
11111000000000001011110011111000110010000000110000
11111100111111000000000001111100000000001000110010
11111100000000000000000000000000000000000000000010
11111100000000000000000000000000000000000000000010
11111100000000000000000000000000000000000000000010
11111100000000000000000001111100000000001000110010
11111100000000001011110011111000110010000000110010
11111100000000001011110011111000110010000000110010
11111000000000000000000001111100000000001000110010
11111100111111000000000000000000000000000000000010
11111100000000001111110011111100000000000000000010
11111100000000001100000010000000111110000000000010
11111100000000001011110011111000110010000000110010
11111100000000001011110011111000110010000000110010
11111100000000001111110001111100000000000000000010
11111100000000000000000001111100000000001000110010
11111000000000000000000000000000000000000000000010
11111100111111000111110011111100000000000000000010
11111000000000001111110011111100111111001111110010
11111100111111001111110011111100100010000010000011
11111100111111000000000000000000000000000000000000
11111100111111000000000000000000000000000000000000
11111100111111001111110011111100100010000010000001
11111100111111000000000001111100000000001000110000
11111100111111001111110011111100000000000000000011
11111100111111001111110011111100000000000000100000
11111100111111001011110011111000110010000000110010
11111000000000001011110011111000110010000000000010
11111100111111001011110011111000110010000000110010
11111000000000000000000001111100000000001000110010
11111100111111000000010000000011001111110000000010
11111100111111001111110011111100100010000010000011
11111100111111000000000010000000100000000000000010
11111100111111001000100010001000000000000000000000
11111100111111000000000000000000000000001000100000
11111100111111000000000010000000100000000000000010
11111100111111001000100010001000000000000000000000
11111100111111000000000000000000000000001000100000
11111100111111000000000010000000100000000000000010
11111100111111001000100010001000000000000000000000
11111100111111000000000000000000100000001000100000
11111100111111000000000000000000000000000000000000
11111100111111000100100010000000000000001111110011
11111100111111000000000011110000000000001000000000
